# alpha                     Rey                       CL                        CD                        Cm                       
        -2.6179938780E-01          2.0000000000E+04         -4.2480000000E-01          1.8945000000E-01         -9.1000000000E-03
        -2.6179938780E-01          1.2421052632E+05         -2.4890000000E-01          1.4422000000E-01         -3.7900000000E-02
        -2.6179938780E-01          2.2842105263E+05         -4.1840000000E-01          1.6836000000E-01         -2.2500000000E-02
        -2.6179938780E-01          3.3263157895E+05         -2.5340000000E-01          1.3886000000E-01         -3.9100000000E-02
        -2.6179938780E-01          4.3684210526E+05         -2.6570000000E-01          1.3744000000E-01         -4.0700000000E-02
        -2.6179938780E-01          5.4105263158E+05         -4.2200000000E-01          1.6481000000E-01         -2.2500000000E-02
        -2.6179938780E-01          9.5789473684E+05         -8.3000000000E-01          7.2980000000E-02         -6.5000000000E-02
        -2.6179938780E-01          1.0621052632E+06         -8.9720000000E-01          6.3030000000E-02         -7.1800000000E-02
        -2.6179938780E-01          1.2705263158E+06         -1.0580000000E+00          3.3820000000E-02         -9.9100000000E-02
        -2.6179938780E-01          1.3747368421E+06         -1.1171000000E+00          3.0780000000E-02         -9.5500000000E-02
        -2.6179938780E-01          1.4789473684E+06         -1.1514000000E+00          2.8770000000E-02         -9.2900000000E-02
        -2.6179938780E-01          1.5831578947E+06         -1.0039000000E+00          1.1670000000E-02         -1.0020000000E-01
        -2.6179938780E-01          1.6873684211E+06         -1.1747000000E+00          2.5610000000E-02         -9.3500000000E-02
        -2.6179938780E-01          1.7915789474E+06         -1.1750000000E+00          2.4540000000E-02         -9.4800000000E-02
        -2.6179938780E-01          1.8957894737E+06         -1.1735000000E+00          2.3920000000E-02         -9.5900000000E-02
        -2.6179938780E-01          2.0000000000E+06         -1.1691000000E+00          2.3940000000E-02         -9.6600000000E-02
        -2.4434609528E-01          2.0000000000E+04         -3.9580000000E-01          1.7711000000E-01         -1.1300000000E-02
        -2.4434609528E-01          1.2421052632E+05         -2.5590000000E-01          1.3997000000E-01         -4.0800000000E-02
        -2.4434609528E-01          2.2842105263E+05         -4.0770000000E-01          1.5479000000E-01         -3.0800000000E-02
        -2.4434609528E-01          3.3263157895E+05         -2.5280000000E-01          1.3202000000E-01         -4.0900000000E-02
        -2.4434609528E-01          4.3684210526E+05         -2.4550000000E-01          1.3110000000E-01         -3.9300000000E-02
        -2.4434609528E-01          5.4105263158E+05         -4.0620000000E-01          1.4888000000E-01         -2.9500000000E-02
        -2.4434609528E-01          7.4947368421E+05         -5.9690000000E-01          1.0005000000E-01         -4.7600000000E-02
        -2.4434609528E-01          8.5368421053E+05         -9.4890000000E-01          3.6320000000E-02         -9.6000000000E-02
        -2.4434609528E-01          9.5789473684E+05         -1.0155000000E+00          3.3080000000E-02         -9.1600000000E-02
        -2.4434609528E-01          1.0621052632E+06         -1.0662000000E+00          2.9930000000E-02         -8.7900000000E-02
        -2.4434609528E-01          1.1663157895E+06         -1.0752000000E+00          2.7180000000E-02         -9.0100000000E-02
        -2.4434609528E-01          1.2705263158E+06         -1.0723000000E+00          2.5850000000E-02         -9.2300000000E-02
        -2.4434609528E-01          1.3747368421E+06         -1.0688000000E+00          2.4960000000E-02         -9.4100000000E-02
        -2.4434609528E-01          1.4789473684E+06         -1.0878333333E+00          2.5530000000E-02         -9.5566666667E-02
        -2.4434609528E-01          1.5831578947E+06         -9.8863333333E-01          1.3890000000E-02         -1.0080000000E-01
        -2.4434609528E-01          1.6873684211E+06         -1.0693000000E+00          2.1270000000E-02         -9.8500000000E-02
        -2.4434609528E-01          1.7915789474E+06         -1.0687000000E+00          2.0420000000E-02         -9.9500000000E-02
        -2.4434609528E-01          1.8957894737E+06         -1.0679000000E+00          1.9700000000E-02         -1.0040000000E-01
        -2.4434609528E-01          2.0000000000E+06         -1.0670000000E+00          1.9060000000E-02         -1.0130000000E-01
        -2.2689280276E-01          2.0000000000E+04         -3.6880000000E-01          1.6528000000E-01         -1.2200000000E-02
        -2.2689280276E-01          1.2421052632E+05         -2.3500000000E-01          1.2972000000E-01         -3.9400000000E-02
        -2.2689280276E-01          2.2842105263E+05         -3.7200000000E-01          1.4241000000E-01         -3.2500000000E-02
        -2.2689280276E-01          3.3263157895E+05         -3.9950000000E-01          1.3688000000E-01         -3.8300000000E-02
        -2.2689280276E-01          4.3684210526E+05         -3.7770000000E-01          1.3828000000E-01         -3.3300000000E-02
        -2.2689280276E-01          5.4105263158E+05         -4.0230000000E-01          1.3186000000E-01         -3.8300000000E-02
        -2.2689280276E-01          6.4526315789E+05         -8.9760000000E-01          3.7800000000E-02         -8.8600000000E-02
        -2.2689280276E-01          7.4947368421E+05         -5.5120000000E-01          9.4340000000E-02         -5.0100000000E-02
        -2.2689280276E-01          8.5368421053E+05         -9.7710000000E-01          2.8200000000E-02         -8.8100000000E-02
        -2.2689280276E-01          9.5789473684E+05         -4.1020000000E-01          1.2687000000E-01         -3.6500000000E-02
        -2.2689280276E-01          1.0621052632E+06         -9.6840000000E-01          2.4290000000E-02         -9.4100000000E-02
        -2.2689280276E-01          1.1663157895E+06         -9.6630000000E-01          2.2550000000E-02         -9.6400000000E-02
        -2.2689280276E-01          1.2705263158E+06         -9.6480000000E-01          2.1160000000E-02         -9.8100000000E-02
        -2.2689280276E-01          1.3747368421E+06         -9.6290000000E-01          2.0000000000E-02         -9.9600000000E-02
        -2.2689280276E-01          1.4789473684E+06         -9.6070000000E-01          1.9050000000E-02         -1.0090000000E-01
        -2.2689280276E-01          1.5831578947E+06         -9.5810000000E-01          1.8330000000E-02         -1.0200000000E-01
        -2.2689280276E-01          1.6873684211E+06         -9.5480000000E-01          1.7900000000E-02         -1.0300000000E-01
        -2.2689280276E-01          1.7915789474E+06         -9.5100000000E-01          1.7720000000E-02         -1.0390000000E-01
        -2.2689280276E-01          1.8957894737E+06         -9.9046666667E-01          1.7930000000E-02         -1.0283333333E-01
        -2.2689280276E-01          2.0000000000E+06         -9.4890000000E-01          1.6540000000E-02         -1.0530000000E-01
        -2.0943951024E-01          2.0000000000E+04         -3.4470000000E-01          1.5383000000E-01         -1.1500000000E-02
        -2.0943951024E-01          1.2421052632E+05         -3.5410000000E-01          1.3443000000E-01         -3.5800000000E-02
        -2.0943951024E-01          2.2842105263E+05         -3.5740000000E-01          1.2886000000E-01         -3.7100000000E-02
        -2.0943951024E-01          3.3263157895E+05         -3.6010000000E-01          1.2625000000E-01         -3.7600000000E-02
        -2.0943951024E-01          4.3684210526E+05         -6.3850000000E-01          6.3160000000E-02         -6.9900000000E-02
        -2.0943951024E-01          5.4105263158E+05         -3.6910000000E-01          1.2215000000E-01         -3.8900000000E-02
        -2.0943951024E-01          6.4526315789E+05         -8.8090000000E-01          2.8990000000E-02         -8.6900000000E-02
        -2.0943951024E-01          7.4947368421E+05         -8.0090000000E-01          8.3400000000E-03         -9.4500000000E-02
        -2.0943951024E-01          8.5368421053E+05         -8.6630000000E-01          2.3090000000E-02         -9.5000000000E-02
        -2.0943951024E-01          9.5789473684E+05         -5.2046666667E-01          9.0403333333E-02         -5.8666666667E-02
        -2.0943951024E-01          1.0621052632E+06         -8.5720000000E-01          1.9560000000E-02         -9.9700000000E-02
        -2.0943951024E-01          1.1663157895E+06         -8.5220000000E-01          1.8400000000E-02         -1.0160000000E-01
        -2.0943951024E-01          1.2705263158E+06         -8.4590000000E-01          1.7890000000E-02         -1.0310000000E-01
        -2.0943951024E-01          1.3747368421E+06         -8.4160000000E-01          1.7180000000E-02         -1.0450000000E-01
        -2.0943951024E-01          1.4789473684E+06         -8.3930000000E-01          1.6420000000E-02         -1.0560000000E-01
        -2.0943951024E-01          1.5831578947E+06         -8.3790000000E-01          1.5790000000E-02         -1.0630000000E-01
        -2.0943951024E-01          1.6873684211E+06         -8.7923333333E-01          1.6333333333E-02         -1.0453333333E-01
        -2.0943951024E-01          1.7915789474E+06         -8.3590000000E-01          1.4790000000E-02         -1.0730000000E-01
        -2.0943951024E-01          1.8957894737E+06         -8.3560000000E-01          1.4390000000E-02         -1.0770000000E-01
        -2.0943951024E-01          2.0000000000E+06         -8.3710000000E-01          1.4050000000E-02         -1.0750000000E-01
        -1.9198621772E-01          2.0000000000E+04         -3.0560000000E-01          1.3948000000E-01         -1.0100000000E-02
        -1.9198621772E-01          1.2421052632E+05         -3.3910000000E-01          1.2193000000E-01         -3.8200000000E-02
        -1.9198621772E-01          2.2842105263E+05         -3.6500000000E-01          1.1433000000E-01         -4.3600000000E-02
        -1.9198621772E-01          3.3263157895E+05         -3.5990000000E-01          1.1163000000E-01         -4.2500000000E-02
        -1.9198621772E-01          4.3684210526E+05         -6.2710000000E-01          6.0280000000E-02         -6.3600000000E-02
        -1.9198621772E-01          5.4105263158E+05         -7.8220000000E-01          2.6980000000E-02         -8.9000000000E-02
        -1.9198621772E-01          6.4526315789E+05         -7.6730000000E-01          2.3400000000E-02         -9.4200000000E-02
        -1.9198621772E-01          7.4947368421E+05         -7.1730000000E-01          1.2825000000E-02         -9.8850000000E-02
        -1.9198621772E-01          8.5368421053E+05         -7.4860000000E-01          1.8840000000E-02         -1.0070000000E-01
        -1.9198621772E-01          9.5789473684E+05         -7.4100000000E-01          1.7470000000E-02         -1.0300000000E-01
        -1.9198621772E-01          1.0621052632E+06         -7.3250000000E-01          1.6850000000E-02         -1.0490000000E-01
        -1.9198621772E-01          1.1663157895E+06         -7.2860000000E-01          1.5870000000E-02         -1.0630000000E-01
        -1.9198621772E-01          1.2705263158E+06         -7.2590000000E-01          1.5100000000E-02         -1.0730000000E-01
        -1.9198621772E-01          1.3747368421E+06         -7.2410000000E-01          1.4470000000E-02         -1.0800000000E-01
        -1.9198621772E-01          1.4789473684E+06         -7.2540000000E-01          1.3950000000E-02         -1.0790000000E-01
        -1.9198621772E-01          1.5831578947E+06         -7.2610000000E-01          1.3520000000E-02         -1.0790000000E-01
        -1.9198621772E-01          1.6873684211E+06         -7.2810000000E-01          1.3200000000E-02         -1.0760000000E-01
        -1.9198621772E-01          1.7915789474E+06         -7.2940000000E-01          1.3020000000E-02         -1.0730000000E-01
        -1.9198621772E-01          1.8957894737E+06         -7.3090000000E-01          1.2850000000E-02         -1.0700000000E-01
        -1.9198621772E-01          2.0000000000E+06         -7.3360000000E-01          1.2550000000E-02         -1.0660000000E-01
        -1.7453292520E-01          2.0000000000E+04         -2.4550000000E-01          1.2254000000E-01         -9.9000000000E-03
        -1.7453292520E-01          1.2421052632E+05         -3.4330000000E-01          1.0997000000E-01         -4.0400000000E-02
        -1.7453292520E-01          2.2842105263E+05         -3.5390000000E-01          1.0393000000E-01         -4.2500000000E-02
        -1.7453292520E-01          3.3263157895E+05         -4.3950000000E-01          8.3483333333E-02         -5.7266666667E-02
        -1.7453292520E-01          4.3684210526E+05         -4.3080000000E-01          8.6200000000E-02         -4.7000000000E-02
        -1.7453292520E-01          5.4105263158E+05         -6.6410000000E-01          2.1720000000E-02         -9.5400000000E-02
        -1.7453292520E-01          6.4526315789E+05         -6.4580000000E-01          1.9300000000E-02         -1.0000000000E-01
        -1.7453292520E-01          7.4947368421E+05         -6.3370000000E-01          1.7310000000E-02         -1.0320000000E-01
        -1.7453292520E-01          8.5368421053E+05         -6.2290000000E-01          1.5930000000E-02         -1.0590000000E-01
        -1.7453292520E-01          9.5789473684E+05         -6.1510000000E-01          1.5210000000E-02         -1.0760000000E-01
        -1.7453292520E-01          1.0621052632E+06         -6.1350000000E-01          1.4310000000E-02         -1.0830000000E-01
        -1.7453292520E-01          1.1663157895E+06         -6.1380000000E-01          1.3620000000E-02         -1.0840000000E-01
        -1.7453292520E-01          1.2705263158E+06         -6.5480000000E-01          1.3903333333E-02         -1.0710000000E-01
        -1.7453292520E-01          1.3747368421E+06         -6.1830000000E-01          1.2610000000E-02         -1.0760000000E-01
        -1.7453292520E-01          1.4789473684E+06         -6.2060000000E-01          1.2340000000E-02         -1.0710000000E-01
        -1.7453292520E-01          1.5831578947E+06         -6.2240000000E-01          1.2160000000E-02         -1.0670000000E-01
        -1.7453292520E-01          1.6873684211E+06         -6.2500000000E-01          1.1810000000E-02         -1.0630000000E-01
        -1.7453292520E-01          1.7915789474E+06         -6.2730000000E-01          1.1520000000E-02         -1.0580000000E-01
        -1.7453292520E-01          1.8957894737E+06         -6.2930000000E-01          1.1270000000E-02         -1.0550000000E-01
        -1.7453292520E-01          2.0000000000E+06         -6.3100000000E-01          1.1050000000E-02         -1.0520000000E-01
        -1.5707963268E-01          2.0000000000E+04         -5.7100000000E-02          9.0260000000E-02         -3.9000000000E-02
        -1.5707963268E-01          1.2421052632E+05         -4.1300000000E-01          1.0232000000E-01         -4.1100000000E-02
        -1.5707963268E-01          2.2842105263E+05         -3.8470000000E-01          9.3290000000E-02         -3.8700000000E-02
        -1.5707963268E-01          3.3263157895E+05         -5.9870000000E-01          2.7190000000E-02         -8.6800000000E-02
        -1.5707963268E-01          4.3684210526E+05         -5.6130000000E-01          2.1380000000E-02         -9.5700000000E-02
        -1.5707963268E-01          5.4105263158E+05         -5.3530000000E-01          1.8400000000E-02         -1.0130000000E-01
        -1.5707963268E-01          6.4526315789E+05         -5.1620000000E-01          1.6190000000E-02         -1.0570000000E-01
        -1.5707963268E-01          7.4947368421E+05         -5.0540000000E-01          1.4660000000E-02         -1.0820000000E-01
        -1.5707963268E-01          8.5368421053E+05         -5.0995000000E-01          1.4020000000E-02         -1.0680000000E-01
        -1.5707963268E-01          9.5789473684E+05         -5.0400000000E-01          1.3080000000E-02         -1.0850000000E-01
        -1.5707963268E-01          1.0621052632E+06         -5.0650000000E-01          1.2410000000E-02         -1.0800000000E-01
        -1.5707963268E-01          1.1663157895E+06         -5.1010000000E-01          1.1900000000E-02         -1.0720000000E-01
        -1.5707963268E-01          1.2705263158E+06         -5.1260000000E-01          1.1510000000E-02         -1.0670000000E-01
        -1.5707963268E-01          1.3747368421E+06         -5.1450000000E-01          1.1340000000E-02         -1.0620000000E-01
        -1.5707963268E-01          1.4789473684E+06         -5.1690000000E-01          1.1000000000E-02         -1.0570000000E-01
        -1.5707963268E-01          1.5831578947E+06         -5.1890000000E-01          1.0710000000E-02         -1.0530000000E-01
        -1.5707963268E-01          1.6873684211E+06         -5.2070000000E-01          1.0450000000E-02         -1.0490000000E-01
        -1.5707963268E-01          1.7915789474E+06         -5.2230000000E-01          1.0240000000E-02         -1.0460000000E-01
        -1.5707963268E-01          1.8957894737E+06         -5.2350000000E-01          1.0040000000E-02         -1.0440000000E-01
        -1.5707963268E-01          2.0000000000E+06         -5.2460000000E-01          9.8800000000E-03         -1.0420000000E-01
        -1.3962634016E-01          2.0000000000E+04         -2.6600000000E-02          8.0570000000E-02         -4.1300000000E-02
        -1.3962634016E-01          1.2421052632E+05         -4.0020000000E-01          9.2360000000E-02         -3.0300000000E-02
        -1.3962634016E-01          2.2842105263E+05         -4.8080000000E-01          5.6480000000E-02         -6.6400000000E-02
        -1.3962634016E-01          3.3263157895E+05         -4.7200000000E-01          2.1600000000E-02         -9.3300000000E-02
        -1.3962634016E-01          4.3684210526E+05         -4.2770000000E-01          1.7700000000E-02         -1.0220000000E-01
        -1.3962634016E-01          5.4105263158E+05         -4.0340000000E-01          1.5270000000E-02         -1.0700000000E-01
        -1.3962634016E-01          6.4526315789E+05         -3.9410000000E-01          1.3830000000E-02         -1.0870000000E-01
        -1.3962634016E-01          7.4947368421E+05         -3.9490000000E-01          1.2720000000E-02         -1.0840000000E-01
        -1.3962634016E-01          8.5368421053E+05         -3.9700000000E-01          1.2110000000E-02         -1.0770000000E-01
        -1.3962634016E-01          9.5789473684E+05         -3.9990000000E-01          1.1500000000E-02         -1.0700000000E-01
        -1.3962634016E-01          1.0621052632E+06         -4.0330000000E-01          1.1000000000E-02         -1.0620000000E-01
        -1.3962634016E-01          1.1663157895E+06         -4.0540000000E-01          1.0590000000E-02         -1.0570000000E-01
        -1.3962634016E-01          1.2705263158E+06         -4.0730000000E-01          1.0280000000E-02         -1.0530000000E-01
        -1.3962634016E-01          1.3747368421E+06         -4.0840000000E-01          1.0110000000E-02         -1.0500000000E-01
        -1.3962634016E-01          1.4789473684E+06         -4.0970000000E-01          9.8600000000E-03         -1.0470000000E-01
        -1.3962634016E-01          1.5831578947E+06         -4.1100000000E-01          9.6200000000E-03         -1.0450000000E-01
        -1.3962634016E-01          1.6873684211E+06         -4.1210000000E-01          9.4100000000E-03         -1.0430000000E-01
        -1.3962634016E-01          1.7915789474E+06         -4.1320000000E-01          9.2400000000E-03         -1.0400000000E-01
        -1.3962634016E-01          1.8957894737E+06         -4.1390000000E-01          9.0800000000E-03         -1.0390000000E-01
        -1.3962634016E-01          2.0000000000E+06         -4.1460000000E-01          8.9400000000E-03         -1.0380000000E-01
        -1.2217304764E-01          2.0000000000E+04          2.0000000000E-04          7.1820000000E-02         -4.2600000000E-02
        -1.2217304764E-01          1.2421052632E+05         -4.7650000000E-01          8.2690000000E-02         -2.6700000000E-02
        -1.2217304764E-01          2.2842105263E+05         -4.0190000000E-01          2.4540000000E-02         -8.7600000000E-02
        -1.2217304764E-01          3.3263157895E+05         -3.2750000000E-01          1.8030000000E-02         -1.0130000000E-01
        -1.2217304764E-01          4.3684210526E+05         -2.9390000000E-01          1.5040000000E-02         -1.0730000000E-01
        -1.2217304764E-01          5.4105263158E+05         -2.8590000000E-01          1.3110000000E-02         -1.0840000000E-01
        -1.2217304764E-01          6.4526315789E+05         -2.8550000000E-01          1.2150000000E-02         -1.0800000000E-01
        -1.2217304764E-01          7.4947368421E+05         -2.8840000000E-01          1.1260000000E-02         -1.0720000000E-01
        -1.2217304764E-01          8.5368421053E+05         -2.9150000000E-01          1.0640000000E-02         -1.0640000000E-01
        -1.2217304764E-01          9.5789473684E+05         -2.9300000000E-01          1.0280000000E-02         -1.0590000000E-01
        -1.2217304764E-01          1.0621052632E+06         -2.9490000000E-01          9.9000000000E-03         -1.0540000000E-01
        -1.2217304764E-01          1.1663157895E+06         -2.9640000000E-01          9.5600000000E-03         -1.0510000000E-01
        -1.2217304764E-01          1.2705263158E+06         -2.9770000000E-01          9.2700000000E-03         -1.0480000000E-01
        -1.2217304764E-01          1.3747368421E+06         -2.9880000000E-01          9.0500000000E-03         -1.0450000000E-01
        -1.2217304764E-01          1.4789473684E+06         -2.9970000000E-01          8.8800000000E-03         -1.0430000000E-01
        -1.2217304764E-01          1.5831578947E+06         -3.0020000000E-01          8.7700000000E-03         -1.0410000000E-01
        -1.2217304764E-01          1.6873684211E+06         -3.0110000000E-01          8.5900000000E-03         -1.0400000000E-01
        -1.2217304764E-01          1.7915789474E+06         -3.0200000000E-01          8.4400000000E-03         -1.0380000000E-01
        -1.2217304764E-01          1.8957894737E+06         -3.0250000000E-01          8.3000000000E-03         -1.0370000000E-01
        -1.2217304764E-01          2.0000000000E+06         -3.0310000000E-01          8.1800000000E-03         -1.0360000000E-01
        -1.0471975512E-01          2.0000000000E+04         -2.3090000000E-01          8.4200000000E-02          3.0000000000E-04
        -1.0471975512E-01          1.2421052632E+05         -4.1570000000E-01          3.7480000000E-02         -6.5800000000E-02
        -1.0471975512E-01          2.2842105263E+05         -2.5550000000E-01          2.0230000000E-02         -9.5500000000E-02
        -1.0471975512E-01          3.3263157895E+05         -1.9260000000E-01          1.5180000000E-02         -1.0630000000E-01
        -1.0471975512E-01          4.3684210526E+05         -1.7720000000E-01          1.2900000000E-02         -1.0830000000E-01
        -1.0471975512E-01          5.4105263158E+05         -1.7610000000E-01          1.1660000000E-02         -1.0770000000E-01
        -1.0471975512E-01          6.4526315789E+05         -1.7850000000E-01          1.0680000000E-02         -1.0690000000E-01
        -1.0471975512E-01          7.4947368421E+05         -1.8040000000E-01          1.0050000000E-02         -1.0620000000E-01
        -1.0471975512E-01          8.5368421053E+05         -1.8210000000E-01          9.6500000000E-03         -1.0560000000E-01
        -1.0471975512E-01          9.5789473684E+05         -1.8360000000E-01          9.2400000000E-03         -1.0520000000E-01
        -1.0471975512E-01          1.0621052632E+06         -1.8490000000E-01          8.9200000000E-03         -1.0490000000E-01
        -1.0471975512E-01          1.1663157895E+06         -1.8580000000E-01          8.6900000000E-03         -1.0460000000E-01
        -1.0471975512E-01          1.2705263158E+06         -1.8640000000E-01          8.5200000000E-03         -1.0440000000E-01
        -1.0471975512E-01          1.3747368421E+06         -1.8730000000E-01          8.3200000000E-03         -1.0420000000E-01
        -1.0471975512E-01          1.4789473684E+06         -1.8810000000E-01          8.1500000000E-03         -1.0400000000E-01
        -1.0471975512E-01          1.5831578947E+06         -1.8870000000E-01          7.9900000000E-03         -1.0390000000E-01
        -1.0471975512E-01          1.6873684211E+06         -1.8930000000E-01          7.8700000000E-03         -1.0370000000E-01
        -1.0471975512E-01          1.7915789474E+06         -1.8980000000E-01          7.7600000000E-03         -1.0360000000E-01
        -1.0471975512E-01          1.8957894737E+06         -1.9020000000E-01          7.6600000000E-03         -1.0350000000E-01
        -1.0471975512E-01          2.0000000000E+06         -1.9060000000E-01          7.5800000000E-03         -1.0340000000E-01
        -8.7266462600E-02          2.0000000000E+04         -3.9870000000E-01          8.1350000000E-02          7.0000000000E-03
        -8.7266462600E-02          1.2421052632E+05         -2.6310000000E-01          2.7150000000E-02         -7.8000000000E-02
        -8.7266462600E-02          2.2842105263E+05         -1.1290000000E-01          1.7170000000E-02         -1.0190000000E-01
        -8.7266462600E-02          3.3263157895E+05         -7.1800000000E-02          1.3180000000E-02         -1.0790000000E-01
        -8.7266462600E-02          4.3684210526E+05         -6.6600000000E-02          1.1380000000E-02         -1.0770000000E-01
        -8.7266462600E-02          5.4105263158E+05         -1.0323333333E-01          1.0906666667E-02         -1.0713333333E-01
        -8.7266462600E-02          6.4526315789E+05         -6.9300000000E-02          9.6300000000E-03         -1.0600000000E-01
        -8.7266462600E-02          7.4947368421E+05         -7.0500000000E-02          9.1300000000E-03         -1.0550000000E-01
        -8.7266462600E-02          8.5368421053E+05         -7.1500000000E-02          8.8000000000E-03         -1.0510000000E-01
        -8.7266462600E-02          9.5789473684E+05         -7.2600000000E-02          8.4700000000E-03         -1.0480000000E-01
        -8.7266462600E-02          1.0621052632E+06         -7.3500000000E-02          8.2200000000E-03         -1.0450000000E-01
        -8.7266462600E-02          1.1663157895E+06         -7.4100000000E-02          8.0100000000E-03         -1.0430000000E-01
        -8.7266462600E-02          1.2705263158E+06         -7.4700000000E-02          7.8700000000E-03         -1.0410000000E-01
        -8.7266462600E-02          1.3747368421E+06         -7.5300000000E-02          7.7200000000E-03         -1.0400000000E-01
        -8.7266462600E-02          1.4789473684E+06         -7.5800000000E-02          7.5700000000E-03         -1.0380000000E-01
        -8.7266462600E-02          1.5831578947E+06         -7.6400000000E-02          7.4500000000E-03         -1.0370000000E-01
        -8.7266462600E-02          1.6873684211E+06         -7.6700000000E-02          7.3400000000E-03         -1.0360000000E-01
        -8.7266462600E-02          1.7915789474E+06         -7.7200000000E-02          7.2500000000E-03         -1.0350000000E-01
        -8.7266462600E-02          1.8957894737E+06         -7.7600000000E-02          7.1800000000E-03         -1.0340000000E-01
        -8.7266462600E-02          2.0000000000E+06         -7.7800000000E-02          7.1000000000E-03         -1.0340000000E-01
        -6.9813170080E-02          2.0000000000E+04         -4.0170000000E-01          6.6520000000E-02         -8.8000000000E-03
        -6.9813170080E-02          1.2421052632E+05         -1.0910000000E-01          2.3490000000E-02         -8.6900000000E-02
        -6.9813170080E-02          2.2842105263E+05          2.2300000000E-02          1.4830000000E-02         -1.0630000000E-01
        -6.9813170080E-02          3.3263157895E+05          4.2100000000E-02          1.1700000000E-02         -1.0770000000E-01
        -6.9813170080E-02          4.3684210526E+05          4.3400000000E-02          1.0220000000E-02         -1.0680000000E-01
        -6.9813170080E-02          5.4105263158E+05          4.2500000000E-02          9.4000000000E-03         -1.0600000000E-01
        -6.9813170080E-02          6.4526315789E+05          4.1300000000E-02          8.8300000000E-03         -1.0540000000E-01
        -6.9813170080E-02          7.4947368421E+05          4.0500000000E-02          8.4500000000E-03         -1.0500000000E-01
        -6.9813170080E-02          8.5368421053E+05          3.9700000000E-02          8.1200000000E-03         -1.0470000000E-01
        -6.9813170080E-02          9.5789473684E+05          3.8900000000E-02          7.8800000000E-03         -1.0440000000E-01
        -6.9813170080E-02          1.0621052632E+06          3.8500000000E-02          7.6900000000E-03         -1.0420000000E-01
        -6.9813170080E-02          1.1663157895E+06          3.7800000000E-02          7.5200000000E-03         -1.0400000000E-01
        -6.9813170080E-02          1.2705263158E+06          3.7400000000E-02          7.3600000000E-03         -1.0390000000E-01
        -6.9813170080E-02          1.3747368421E+06          3.6800000000E-02          7.2400000000E-03         -1.0370000000E-01
        -6.9813170080E-02          1.4789473684E+06          3.6600000000E-02          7.1300000000E-03         -1.0370000000E-01
        -6.9813170080E-02          1.5831578947E+06          3.6100000000E-02          7.0500000000E-03         -1.0360000000E-01
        -6.9813170080E-02          1.6873684211E+06          3.5900000000E-02          6.9600000000E-03         -1.0350000000E-01
        -6.9813170080E-02          1.7915789474E+06          3.5600000000E-02          6.8800000000E-03         -1.0340000000E-01
        -6.9813170080E-02          1.8957894737E+06          3.5200000000E-02          6.8100000000E-03         -1.0330000000E-01
        -6.9813170080E-02          2.0000000000E+06          3.5100000000E-02          6.7300000000E-03         -1.0330000000E-01
        -5.2359877560E-02          2.0000000000E+04         -3.1480000000E-01          5.2660000000E-02         -2.4200000000E-02
        -5.2359877560E-02          1.2421052632E+05          4.2200000000E-02          2.0940000000E-02         -9.4700000000E-02
        -5.2359877560E-02          2.2842105263E+05          1.4470000000E-01          1.3090000000E-02         -1.0760000000E-01
        -5.2359877560E-02          3.3263157895E+05          1.5360000000E-01          1.0550000000E-02         -1.0700000000E-01
        -5.2359877560E-02          4.3684210526E+05          1.5330000000E-01          9.4000000000E-03         -1.0590000000E-01
        -5.2359877560E-02          5.4105263158E+05          1.5280000000E-01          8.7200000000E-03         -1.0520000000E-01
        -5.2359877560E-02          6.4526315789E+05          1.5220000000E-01          8.2600000000E-03         -1.0480000000E-01
        -5.2359877560E-02          7.4947368421E+05          1.5160000000E-01          7.9200000000E-03         -1.0450000000E-01
        -5.2359877560E-02          8.5368421053E+05          1.5100000000E-01          7.6600000000E-03         -1.0420000000E-01
        -5.2359877560E-02          9.5789473684E+05          1.5050000000E-01          7.4700000000E-03         -1.0400000000E-01
        -5.2359877560E-02          1.0621052632E+06          1.5010000000E-01          7.2800000000E-03         -1.0390000000E-01
        -5.2359877560E-02          1.1663157895E+06          1.4970000000E-01          7.1400000000E-03         -1.0380000000E-01
        -5.2359877560E-02          1.2705263158E+06          1.4940000000E-01          7.0300000000E-03         -1.0370000000E-01
        -5.2359877560E-02          1.3747368421E+06          1.4910000000E-01          6.9200000000E-03         -1.0360000000E-01
        -5.2359877560E-02          1.4789473684E+06          1.4880000000E-01          6.8200000000E-03         -1.0350000000E-01
        -5.2359877560E-02          1.5831578947E+06          1.4850000000E-01          6.7400000000E-03         -1.0340000000E-01
        -5.2359877560E-02          1.6873684211E+06          1.4840000000E-01          6.6700000000E-03         -1.0340000000E-01
        -5.2359877560E-02          1.7915789474E+06          1.4810000000E-01          6.6100000000E-03         -1.0330000000E-01
        -5.2359877560E-02          1.8957894737E+06          1.4800000000E-01          6.5500000000E-03         -1.0330000000E-01
        -5.2359877560E-02          2.0000000000E+06          1.4780000000E-01          6.4900000000E-03         -1.0330000000E-01
        -3.4906585040E-02          2.0000000000E+04         -2.0770000000E-01          4.4140000000E-02         -3.1200000000E-02
        -3.4906585040E-02          1.2421052632E+05          1.9370000000E-01          1.8690000000E-02         -1.0190000000E-01
        -3.4906585040E-02          2.2842105263E+05          2.5850000000E-01          1.1760000000E-02         -1.0710000000E-01
        -3.4906585040E-02          3.3263157895E+05          2.6320000000E-01          9.7700000000E-03         -1.0590000000E-01
        -3.4906585040E-02          4.3684210526E+05          2.6340000000E-01          8.8200000000E-03         -1.0510000000E-01
        -3.4906585040E-02          5.4105263158E+05          2.6310000000E-01          8.2400000000E-03         -1.0460000000E-01
        -3.4906585040E-02          6.4526315789E+05          2.6270000000E-01          7.8500000000E-03         -1.0420000000E-01
        -3.4906585040E-02          7.4947368421E+05          2.6230000000E-01          7.5700000000E-03         -1.0400000000E-01
        -3.4906585040E-02          8.5368421053E+05          2.6200000000E-01          7.3500000000E-03         -1.0380000000E-01
        -3.4906585040E-02          9.5789473684E+05          2.6170000000E-01          7.1700000000E-03         -1.0370000000E-01
        -3.4906585040E-02          1.0621052632E+06          2.6130000000E-01          7.0300000000E-03         -1.0350000000E-01
        -3.4906585040E-02          1.1663157895E+06          2.6120000000E-01          6.9000000000E-03         -1.0350000000E-01
        -3.4906585040E-02          1.2705263158E+06          2.6100000000E-01          6.8000000000E-03         -1.0340000000E-01
        -3.4906585040E-02          1.3747368421E+06          2.6080000000E-01          6.7100000000E-03         -1.0330000000E-01
        -3.4906585040E-02          1.4789473684E+06          2.6070000000E-01          6.6300000000E-03         -1.0330000000E-01
        -3.4906585040E-02          1.5831578947E+06          2.6060000000E-01          6.5600000000E-03         -1.0330000000E-01
        -3.4906585040E-02          1.6873684211E+06          2.6050000000E-01          6.4900000000E-03         -1.0330000000E-01
        -3.4906585040E-02          1.7915789474E+06          2.6050000000E-01          6.4400000000E-03         -1.0320000000E-01
        -3.4906585040E-02          1.8957894737E+06          2.6040000000E-01          6.3900000000E-03         -1.0320000000E-01
        -3.4906585040E-02          2.0000000000E+06          2.6040000000E-01          6.3300000000E-03         -1.0320000000E-01
        -1.7453292520E-02          2.0000000000E+04         -1.3420000000E-01          3.8540000000E-02         -2.3600000000E-02
        -1.7453292520E-02          1.2421052632E+05          3.4600000000E-01          1.5210000000E-02         -1.0620000000E-01
        -1.7453292520E-02          2.2842105263E+05          3.6220000000E-01          1.0050000000E-02         -1.0470000000E-01
        -1.7453292520E-02          3.3263157895E+05          3.7090000000E-01          8.9200000000E-03         -1.0480000000E-01
        -1.7453292520E-02          4.3684210526E+05          3.7220000000E-01          8.3200000000E-03         -1.0420000000E-01
        -1.7453292520E-02          5.4105263158E+05          3.7240000000E-01          7.8900000000E-03         -1.0380000000E-01
        -1.7453292520E-02          6.4526315789E+05          3.7240000000E-01          7.5800000000E-03         -1.0360000000E-01
        -1.7453292520E-02          7.4947368421E+05          3.7230000000E-01          7.3400000000E-03         -1.0340000000E-01
        -1.7453292520E-02          8.5368421053E+05          3.7210000000E-01          7.1600000000E-03         -1.0330000000E-01
        -1.7453292520E-02          9.5789473684E+05          3.7200000000E-01          7.0200000000E-03         -1.0320000000E-01
        -1.7453292520E-02          1.0621052632E+06          3.7210000000E-01          6.8800000000E-03         -1.0320000000E-01
        -1.7453292520E-02          1.1663157895E+06          3.7210000000E-01          6.7700000000E-03         -1.0320000000E-01
        -1.7453292520E-02          1.2705263158E+06          3.7180000000E-01          6.7000000000E-03         -1.0315000000E-01
        -1.7453292520E-02          1.3747368421E+06          3.7220000000E-01          6.6000000000E-03         -1.0310000000E-01
        -1.7453292520E-02          1.4789473684E+06          3.7220000000E-01          6.5400000000E-03         -1.0310000000E-01
        -1.7453292520E-02          1.5831578947E+06          3.7240000000E-01          6.4700000000E-03         -1.0320000000E-01
        -1.7453292520E-02          1.6873684211E+06          3.7230000000E-01          6.4200000000E-03         -1.0310000000E-01
        -1.7453292520E-02          1.7915789474E+06          3.7250000000E-01          6.3700000000E-03         -1.0320000000E-01
        -1.7453292520E-02          1.8957894737E+06          3.7250000000E-01          6.3200000000E-03         -1.0320000000E-01
        -1.7453292520E-02          2.0000000000E+06          3.7270000000E-01          6.2700000000E-03         -1.0320000000E-01
         0.0000000000E+00          2.0000000000E+04          1.1700000000E-02          3.8450000000E-02         -4.4600000000E-02
         0.0000000000E+00          1.2421052632E+05          4.7020000000E-01          1.4610000000E-02         -1.0690000000E-01
         0.0000000000E+00          2.2842105263E+05          4.9640000000E-01          9.3000000000E-03         -1.0700000000E-01
         0.0000000000E+00          3.3263157895E+05          4.9280000000E-01          7.7500000000E-03         -1.0530000000E-01
         0.0000000000E+00          4.3684210526E+05          4.6560000000E-01          7.0600000000E-03         -9.9600000000E-02
         0.0000000000E+00          5.4105263158E+05          4.8520000000E-01          7.3850000000E-03         -1.0360000000E-01
         0.0000000000E+00          6.4526315789E+05          4.7720000000E-01          6.8200000000E-03         -1.0230000000E-01
         0.0000000000E+00          7.4947368421E+05          4.7900000000E-01          6.7700000000E-03         -1.0260000000E-01
         0.0000000000E+00          8.5368421053E+05          4.8010000000E-01          6.7500000000E-03         -1.0270000000E-01
         0.0000000000E+00          9.5789473684E+05          4.8100000000E-01          6.7300000000E-03         -1.0270000000E-01
         0.0000000000E+00          1.0621052632E+06          4.8180000000E-01          6.7000000000E-03         -1.0280000000E-01
         0.0000000000E+00          1.1663157895E+06          4.8230000000E-01          6.6500000000E-03         -1.0280000000E-01
         0.0000000000E+00          1.2705263158E+06          4.8260000000E-01          6.6000000000E-03         -1.0290000000E-01
         0.0000000000E+00          1.3747368421E+06          4.8310000000E-01          6.5400000000E-03         -1.0290000000E-01
         0.0000000000E+00          1.4789473684E+06          4.8330000000E-01          6.4800000000E-03         -1.0300000000E-01
         0.0000000000E+00          1.5831578947E+06          4.8370000000E-01          6.4300000000E-03         -1.0300000000E-01
         0.0000000000E+00          1.6873684211E+06          4.8400000000E-01          6.3800000000E-03         -1.0310000000E-01
         0.0000000000E+00          1.7915789474E+06          4.8420000000E-01          6.3400000000E-03         -1.0310000000E-01
         0.0000000000E+00          1.8957894737E+06          4.8460000000E-01          6.2900000000E-03         -1.0320000000E-01
         0.0000000000E+00          2.0000000000E+06          4.8480000000E-01          6.2600000000E-03         -1.0320000000E-01
         1.7453292520E-02          2.0000000000E+04          8.5500000000E-02          4.2380000000E-02         -4.5800000000E-02
         1.7453292520E-02          1.2421052632E+05          5.8500000000E-01          1.4430000000E-02         -1.0590000000E-01
         1.7453292520E-02          2.2842105263E+05          5.9920000000E-01          9.6800000000E-03         -1.0450000000E-01
         1.7453292520E-02          3.3263157895E+05          5.9870000000E-01          8.1800000000E-03         -1.0380000000E-01
         1.7453292520E-02          4.3684210526E+05          5.9820000000E-01          7.3900000000E-03         -1.0350000000E-01
         1.7453292520E-02          5.4105263158E+05          5.9800000000E-01          6.8800000000E-03         -1.0340000000E-01
         1.7453292520E-02          6.4526315789E+05          5.8970000000E-01          6.9250000000E-03         -1.0200000000E-01
         1.7453292520E-02          7.4947368421E+05          5.9610000000E-01          6.2500000000E-03         -1.0300000000E-01
         1.7453292520E-02          8.5368421053E+05          5.8410000000E-01          6.0300000000E-03         -1.0040000000E-01
         1.7453292520E-02          9.5789473684E+05          5.7810000000E-01          5.8900000000E-03         -9.9300000000E-02
         1.7453292520E-02          1.0621052632E+06          5.8310000000E-01          5.8900000000E-03         -1.0060000000E-01
         1.7453292520E-02          1.1663157895E+06          5.8700000000E-01          5.9100000000E-03         -1.0160000000E-01
         1.7453292520E-02          1.2705263158E+06          5.8920000000E-01          5.9400000000E-03         -1.0210000000E-01
         1.7453292520E-02          1.3747368421E+06          5.9080000000E-01          5.9500000000E-03         -1.0240000000E-01
         1.7453292520E-02          1.4789473684E+06          5.9190000000E-01          5.9600000000E-03         -1.0260000000E-01
         1.7453292520E-02          1.5831578947E+06          5.9530000000E-01          6.0050000000E-03         -1.0300000000E-01
         1.7453292520E-02          1.6873684211E+06          5.9370000000E-01          5.9600000000E-03         -1.0300000000E-01
         1.7453292520E-02          1.7915789474E+06          5.9450000000E-01          5.9600000000E-03         -1.0310000000E-01
         1.7453292520E-02          1.8957894737E+06          5.9520000000E-01          5.9500000000E-03         -1.0320000000E-01
         1.7453292520E-02          2.0000000000E+06          5.9570000000E-01          5.9600000000E-03         -1.0330000000E-01
         3.4906585040E-02          2.0000000000E+04          1.5410000000E-01          4.7120000000E-02         -4.6800000000E-02
         3.4906585040E-02          1.2421052632E+05          6.9580000000E-01          1.4720000000E-02         -1.0450000000E-01
         3.4906585040E-02          2.2842105263E+05          7.0300000000E-01          1.0270000000E-02         -1.0250000000E-01
         3.4906585040E-02          3.3263157895E+05          7.0200000000E-01          8.7800000000E-03         -1.0180000000E-01
         3.4906585040E-02          4.3684210526E+05          7.0130000000E-01          7.9600000000E-03         -1.0150000000E-01
         3.4906585040E-02          5.4105263158E+05          7.0160000000E-01          7.4200000000E-03         -1.0160000000E-01
         3.4906585040E-02          6.4526315789E+05          7.0220000000E-01          7.0300000000E-03         -1.0170000000E-01
         3.4906585040E-02          7.4947368421E+05          7.0280000000E-01          6.7400000000E-03         -1.0190000000E-01
         3.4906585040E-02          8.5368421053E+05          7.0360000000E-01          6.5100000000E-03         -1.0210000000E-01
         3.4906585040E-02          9.5789473684E+05          7.0470000000E-01          6.3000000000E-03         -1.0240000000E-01
         3.4906585040E-02          1.0621052632E+06          7.0530000000E-01          6.1400000000E-03         -1.0250000000E-01
         3.4906585040E-02          1.1663157895E+06          7.0630000000E-01          5.9900000000E-03         -1.0280000000E-01
         3.4906585040E-02          1.2705263158E+06          7.0680000000E-01          5.8800000000E-03         -1.0290000000E-01
         3.4906585040E-02          1.3747368421E+06          7.0780000000E-01          5.7600000000E-03         -1.0310000000E-01
         3.4906585040E-02          1.4789473684E+06          7.0830000000E-01          5.6700000000E-03         -1.0330000000E-01
         3.4906585040E-02          1.5831578947E+06          7.0690000000E-01          5.5800000000E-03         -1.0300000000E-01
         3.4906585040E-02          1.6873684211E+06          7.0270000000E-01          5.4900000000E-03         -1.0200000000E-01
         3.4906585040E-02          1.7915789474E+06          6.9860000000E-01          5.4300000000E-03         -1.0110000000E-01
         3.4906585040E-02          1.8957894737E+06          6.9600000000E-01          5.3900000000E-03         -1.0060000000E-01
         3.4906585040E-02          2.0000000000E+06          6.9850000000E-01          5.3600000000E-03         -1.0120000000E-01
         5.2359877560E-02          2.0000000000E+04          2.1890000000E-01          5.2630000000E-02         -4.8000000000E-02
         5.2359877560E-02          1.2421052632E+05          8.0380000000E-01          1.5410000000E-02         -1.0300000000E-01
         5.2359877560E-02          2.2842105263E+05          8.0750000000E-01          1.1000000000E-02         -1.0090000000E-01
         5.2359877560E-02          3.3263157895E+05          8.0620000000E-01          9.4500000000E-03         -1.0020000000E-01
         5.2359877560E-02          4.3684210526E+05          8.0590000000E-01          8.5900000000E-03         -1.0000000000E-01
         5.2359877560E-02          5.4105263158E+05          8.0660000000E-01          8.0100000000E-03         -1.0020000000E-01
         5.2359877560E-02          6.4526315789E+05          8.0760000000E-01          7.6000000000E-03         -1.0040000000E-01
         5.2359877560E-02          7.4947368421E+05          8.0890000000E-01          7.2700000000E-03         -1.0070000000E-01
         5.2359877560E-02          8.5368421053E+05          8.1040000000E-01          7.0000000000E-03         -1.0100000000E-01
         5.2359877560E-02          9.5789473684E+05          8.1150000000E-01          6.8000000000E-03         -1.0130000000E-01
         5.2359877560E-02          1.0621052632E+06          8.1280000000E-01          6.6000000000E-03         -1.0160000000E-01
         5.2359877560E-02          1.1663157895E+06          8.1370000000E-01          6.4600000000E-03         -1.0180000000E-01
         5.2359877560E-02          1.2705263158E+06          8.1490000000E-01          6.3100000000E-03         -1.0210000000E-01
         5.2359877560E-02          1.3747368421E+06          8.1570000000E-01          6.2000000000E-03         -1.0230000000E-01
         5.2359877560E-02          1.4789473684E+06          8.1660000000E-01          6.0900000000E-03         -1.0250000000E-01
         5.2359877560E-02          1.5831578947E+06          8.1750000000E-01          5.9800000000E-03         -1.0270000000E-01
         5.2359877560E-02          1.6873684211E+06          8.1810000000E-01          5.9100000000E-03         -1.0280000000E-01
         5.2359877560E-02          1.7915789474E+06          8.1870000000E-01          5.8400000000E-03         -1.0300000000E-01
         5.2359877560E-02          1.8957894737E+06          8.1950000000E-01          5.7500000000E-03         -1.0320000000E-01
         5.2359877560E-02          2.0000000000E+06          8.2010000000E-01          5.6800000000E-03         -1.0330000000E-01
         6.9813170080E-02          2.0000000000E+04          2.8000000000E-01          5.8980000000E-02         -4.9500000000E-02
         6.9813170080E-02          1.2421052632E+05          9.0900000000E-01          1.6370000000E-02         -1.0130000000E-01
         6.9813170080E-02          2.2842105263E+05          9.1170000000E-01          1.1840000000E-02         -9.9300000000E-02
         6.9813170080E-02          3.3263157895E+05          9.1050000000E-01          1.0200000000E-02         -9.8600000000E-02
         6.9813170080E-02          4.3684210526E+05          9.1080000000E-01          9.2400000000E-03         -9.8600000000E-02
         6.9813170080E-02          5.4105263158E+05          9.1200000000E-01          8.6300000000E-03         -9.8900000000E-02
         6.9813170080E-02          6.4526315789E+05          9.1370000000E-01          8.1700000000E-03         -9.9300000000E-02
         6.9813170080E-02          7.4947368421E+05          9.1550000000E-01          7.8200000000E-03         -9.9700000000E-02
         6.9813170080E-02          8.5368421053E+05          9.1690000000E-01          7.5700000000E-03         -1.0000000000E-01
         6.9813170080E-02          9.5789473684E+05          9.1880000000E-01          7.3100000000E-03         -1.0040000000E-01
         6.9813170080E-02          1.0621052632E+06          9.2010000000E-01          7.1300000000E-03         -1.0070000000E-01
         6.9813170080E-02          1.1663157895E+06          9.2170000000E-01          6.9500000000E-03         -1.0110000000E-01
         6.9813170080E-02          1.2705263158E+06          9.2250000000E-01          6.8300000000E-03         -1.0130000000E-01
         6.9813170080E-02          1.3747368421E+06          9.2400000000E-01          6.6800000000E-03         -1.0160000000E-01
         6.9813170080E-02          1.4789473684E+06          9.2490000000E-01          6.5800000000E-03         -1.0180000000E-01
         6.9813170080E-02          1.5831578947E+06          9.2570000000E-01          6.4900000000E-03         -1.0200000000E-01
         6.9813170080E-02          1.6873684211E+06          9.2680000000E-01          6.3800000000E-03         -1.0220000000E-01
         6.9813170080E-02          1.7915789474E+06          9.2750000000E-01          6.3000000000E-03         -1.0240000000E-01
         6.9813170080E-02          1.8957894737E+06          9.2800000000E-01          6.2500000000E-03         -1.0250000000E-01
         6.9813170080E-02          2.0000000000E+06          9.2890000000E-01          6.1600000000E-03         -1.0270000000E-01
         8.7266462600E-02          2.0000000000E+04          3.3710000000E-01          6.6220000000E-02         -5.1400000000E-02
         8.7266462600E-02          1.2421052632E+05          1.0124000000E+00          1.7460000000E-02         -9.9200000000E-02
         8.7266462600E-02          2.2842105263E+05          1.0140000000E+00          1.2730000000E-02         -9.7400000000E-02
         8.7266462600E-02          3.3263157895E+05          1.0127000000E+00          1.0960000000E-02         -9.6800000000E-02
         8.7266462600E-02          4.3684210526E+05          1.0136000000E+00          9.9700000000E-03         -9.7000000000E-02
         8.7266462600E-02          5.4105263158E+05          1.0156000000E+00          9.3100000000E-03         -9.7400000000E-02
         8.7266462600E-02          6.4526315789E+05          1.0180000000E+00          8.8300000000E-03         -9.7900000000E-02
         8.7266462600E-02          7.4947368421E+05          1.0203000000E+00          8.4700000000E-03         -9.8400000000E-02
         8.7266462600E-02          8.5368421053E+05          1.0222000000E+00          8.2000000000E-03         -9.8900000000E-02
         8.7266462600E-02          9.5789473684E+05          1.0245000000E+00          7.9400000000E-03         -9.9400000000E-02
         8.7266462600E-02          1.0621052632E+06          1.0263000000E+00          7.7400000000E-03         -9.9800000000E-02
         8.7266462600E-02          1.1663157895E+06          1.0277000000E+00          7.5800000000E-03         -1.0010000000E-01
         8.7266462600E-02          1.2705263158E+06          1.0292000000E+00          7.4300000000E-03         -1.0040000000E-01
         8.7266462600E-02          1.3747368421E+06          1.0302000000E+00          7.3200000000E-03         -1.0070000000E-01
         8.7266462600E-02          1.4789473684E+06          1.0314000000E+00          7.2100000000E-03         -1.0090000000E-01
         8.7266462600E-02          1.5831578947E+06          1.0321000000E+00          7.1300000000E-03         -1.0110000000E-01
         8.7266462600E-02          1.6873684211E+06          1.0330000000E+00          7.0500000000E-03         -1.0130000000E-01
         8.7266462600E-02          1.7915789474E+06          1.0335000000E+00          6.9900000000E-03         -1.0150000000E-01
         8.7266462600E-02          1.8957894737E+06          1.0341000000E+00          6.9300000000E-03         -1.0160000000E-01
         8.7266462600E-02          2.0000000000E+06          1.0346000000E+00          6.8800000000E-03         -1.0180000000E-01
         1.0471975512E-01          2.0000000000E+04          3.8990000000E-01          7.4440000000E-02         -5.3600000000E-02
         1.0471975512E-01          1.2421052632E+05          1.1099000000E+00          1.8550000000E-02         -9.6100000000E-02
         1.0471975512E-01          2.2842105263E+05          1.1109000000E+00          1.3620000000E-02         -9.4400000000E-02
         1.0471975512E-01          3.3263157895E+05          1.1105000000E+00          1.1810000000E-02         -9.4200000000E-02
         1.0471975512E-01          4.3684210526E+05          1.1129000000E+00          1.0780000000E-02         -9.4700000000E-02
         1.0471975512E-01          5.4105263158E+05          1.1161000000E+00          1.0120000000E-02         -9.5400000000E-02
         1.0471975512E-01          6.4526315789E+05          1.1196000000E+00          9.6200000000E-03         -9.6200000000E-02
         1.0471975512E-01          7.4947368421E+05          1.1225000000E+00          9.2600000000E-03         -9.6800000000E-02
         1.0471975512E-01          8.5368421053E+05          1.1247000000E+00          9.0000000000E-03         -9.7300000000E-02
         1.0471975512E-01          9.5789473684E+05          1.1266000000E+00          8.8000000000E-03         -9.7800000000E-02
         1.0471975512E-01          1.0621052632E+06          1.1280000000E+00          8.6500000000E-03         -9.8100000000E-02
         1.0471975512E-01          1.1663157895E+06          1.1292000000E+00          8.5200000000E-03         -9.8500000000E-02
         1.0471975512E-01          1.2705263158E+06          1.1304000000E+00          8.4100000000E-03         -9.8700000000E-02
         1.0471975512E-01          1.3747368421E+06          1.1312000000E+00          8.3300000000E-03         -9.9000000000E-02
         1.0471975512E-01          1.4789473684E+06          1.1318000000E+00          8.2800000000E-03         -9.9100000000E-02
         1.0471975512E-01          1.5831578947E+06          1.1324000000E+00          8.2200000000E-03         -9.9300000000E-02
         1.0471975512E-01          1.6873684211E+06          1.1329000000E+00          8.1700000000E-03         -9.9500000000E-02
         1.0471975512E-01          1.7915789474E+06          1.1332000000E+00          8.1400000000E-03         -9.9600000000E-02
         1.0471975512E-01          1.8957894737E+06          1.1337000000E+00          8.0900000000E-03         -9.9700000000E-02
         1.0471975512E-01          2.0000000000E+06          1.1339000000E+00          8.0700000000E-03         -9.9800000000E-02
         1.2217304764E-01          2.0000000000E+04          4.3830000000E-01          8.3740000000E-02         -5.6400000000E-02
         1.2217304764E-01          1.2421052632E+05          1.2014000000E+00          1.9410000000E-02         -9.1600000000E-02
         1.2217304764E-01          2.2842105263E+05          1.2011000000E+00          1.4600000000E-02         -9.0500000000E-02
         1.2217304764E-01          3.3263157895E+05          1.2035000000E+00          1.2780000000E-02         -9.0900000000E-02
         1.2217304764E-01          4.3684210526E+05          1.2074000000E+00          1.1800000000E-02         -9.1800000000E-02
         1.2217304764E-01          5.4105263158E+05          1.2109000000E+00          1.1230000000E-02         -9.2600000000E-02
         1.2217304764E-01          6.4526315789E+05          1.2134000000E+00          1.0880000000E-02         -9.3300000000E-02
         1.2217304764E-01          7.4947368421E+05          1.2158000000E+00          1.0620000000E-02         -9.3900000000E-02
         1.2217304764E-01          8.5368421053E+05          1.2173000000E+00          1.0460000000E-02         -9.4300000000E-02
         1.2217304764E-01          9.5789473684E+05          1.2188000000E+00          1.0320000000E-02         -9.4700000000E-02
         1.2217304764E-01          1.0621052632E+06          1.2198000000E+00          1.0230000000E-02         -9.5000000000E-02
         1.2217304764E-01          1.1663157895E+06          1.2206000000E+00          1.0160000000E-02         -9.5300000000E-02
         1.2217304764E-01          1.2705263158E+06          1.2213000000E+00          1.0100000000E-02         -9.5500000000E-02
         1.2217304764E-01          1.3747368421E+06          1.2219000000E+00          1.0040000000E-02         -9.5700000000E-02
         1.2217304764E-01          1.4789473684E+06          1.2224000000E+00          1.0000000000E-02         -9.5900000000E-02
         1.2217304764E-01          1.5831578947E+06          1.2227000000E+00          9.9800000000E-03         -9.6000000000E-02
         1.2217304764E-01          1.6873684211E+06          1.2233000000E+00          9.9300000000E-03         -9.6100000000E-02
         1.2217304764E-01          1.7915789474E+06          1.2238000000E+00          9.8900000000E-03         -9.6300000000E-02
         1.2217304764E-01          1.8957894737E+06          1.2239000000E+00          9.8800000000E-03         -9.6400000000E-02
         1.2217304764E-01          2.0000000000E+06          1.2246000000E+00          9.8300000000E-03         -9.6500000000E-02
         1.3962634016E-01          2.0000000000E+04          4.8230000000E-01          9.4170000000E-02         -5.9700000000E-02
         1.3962634016E-01          1.2421052632E+05          1.2801000000E+00          2.0380000000E-02         -8.5200000000E-02
         1.3962634016E-01          2.2842105263E+05          1.2804000000E+00          1.5900000000E-02         -8.4800000000E-02
         1.3962634016E-01          3.3263157895E+05          1.2824000000E+00          1.4450000000E-02         -8.5500000000E-02
         1.3962634016E-01          4.3684210526E+05          1.2857000000E+00          1.3780000000E-02         -8.6500000000E-02
         1.3962634016E-01          5.4105263158E+05          1.2886000000E+00          1.3420000000E-02         -8.7300000000E-02
         1.3962634016E-01          6.4526315789E+05          1.2911000000E+00          1.3180000000E-02         -8.8000000000E-02
         1.3962634016E-01          7.4947368421E+05          1.2932000000E+00          1.2990000000E-02         -8.8600000000E-02
         1.3962634016E-01          8.5368421053E+05          1.2952000000E+00          1.2830000000E-02         -8.9100000000E-02
         1.3962634016E-01          9.5789473684E+05          1.2971000000E+00          1.2690000000E-02         -8.9600000000E-02
         1.3962634016E-01          1.0621052632E+06          1.2988000000E+00          1.2560000000E-02         -9.0000000000E-02
         1.3962634016E-01          1.1663157895E+06          1.3003000000E+00          1.2450000000E-02         -9.0400000000E-02
         1.3962634016E-01          1.2705263158E+06          1.3016000000E+00          1.2360000000E-02         -9.0700000000E-02
         1.3962634016E-01          1.3747368421E+06          1.3034000000E+00          1.2230000000E-02         -9.1000000000E-02
         1.3962634016E-01          1.4789473684E+06          1.3047000000E+00          1.2130000000E-02         -9.1300000000E-02
         1.3962634016E-01          1.5831578947E+06          1.3063000000E+00          1.2030000000E-02         -9.1600000000E-02
         1.3962634016E-01          1.6873684211E+06          1.3074000000E+00          1.1950000000E-02         -9.1900000000E-02
         1.3962634016E-01          1.7915789474E+06          1.3090000000E+00          1.1840000000E-02         -9.2200000000E-02
         1.3962634016E-01          1.8957894737E+06          1.3100000000E+00          1.1780000000E-02         -9.2400000000E-02
         1.3962634016E-01          2.0000000000E+06          1.3112000000E+00          1.1690000000E-02         -9.2700000000E-02
         1.5707963268E-01          2.0000000000E+04          5.2230000000E-01          1.0580000000E-01         -6.3600000000E-02
         1.5707963268E-01          1.2421052632E+05          1.3315000000E+00          2.2060000000E-02         -7.4700000000E-02
         1.5707963268E-01          2.2842105263E+05          1.3289000000E+00          1.8710000000E-02         -7.4700000000E-02
         1.5707963268E-01          3.3263157895E+05          1.3315000000E+00          1.7680000000E-02         -7.5800000000E-02
         1.5707963268E-01          4.3684210526E+05          1.3378000000E+00          1.7050000000E-02         -7.7300000000E-02
         1.5707963268E-01          5.4105263158E+05          1.3444000000E+00          1.6540000000E-02         -7.8700000000E-02
         1.5707963268E-01          6.4526315789E+05          1.3509000000E+00          1.6100000000E-02         -8.0000000000E-02
         1.5707963268E-01          7.4947368421E+05          1.3567000000E+00          1.5720000000E-02         -8.1200000000E-02
         1.5707963268E-01          8.5368421053E+05          1.3619000000E+00          1.5400000000E-02         -8.2200000000E-02
         1.5707963268E-01          9.5789473684E+05          1.3667000000E+00          1.5130000000E-02         -8.3100000000E-02
         1.5707963268E-01          1.0621052632E+06          1.3716000000E+00          1.4850000000E-02         -8.4000000000E-02
         1.5707963268E-01          1.1663157895E+06          1.3751000000E+00          1.4650000000E-02         -8.4700000000E-02
         1.5707963268E-01          1.2705263158E+06          1.3790000000E+00          1.4410000000E-02         -8.5400000000E-02
         1.5707963268E-01          1.3747368421E+06          1.3821000000E+00          1.4220000000E-02         -8.6000000000E-02
         1.5707963268E-01          1.4789473684E+06          1.3847000000E+00          1.4070000000E-02         -8.6400000000E-02
         1.5707963268E-01          1.5831578947E+06          1.3877000000E+00          1.3880000000E-02         -8.7000000000E-02
         1.5707963268E-01          1.6873684211E+06          1.3901000000E+00          1.3730000000E-02         -8.7400000000E-02
         1.5707963268E-01          1.7915789474E+06          1.3921000000E+00          1.3610000000E-02         -8.7800000000E-02
         1.5707963268E-01          1.8957894737E+06          1.3942000000E+00          1.3480000000E-02         -8.8200000000E-02
         1.5707963268E-01          2.0000000000E+06          1.3965000000E+00          1.3340000000E-02         -8.8600000000E-02
         1.7453292520E-01          2.0000000000E+04          5.7970000000E-01          1.2150000000E-01         -7.3000000000E-02
         1.7453292520E-01          1.2421052632E+05          1.3265000000E+00          2.7280000000E-02         -5.8200000000E-02
         1.7453292520E-01          2.2842105263E+05          1.3432000000E+00          2.3990000000E-02         -6.1700000000E-02
         1.7453292520E-01          3.3263157895E+05          1.3624000000E+00          2.2150000000E-02         -6.4900000000E-02
         1.7453292520E-01          4.3684210526E+05          1.3785000000E+00          2.0860000000E-02         -6.7400000000E-02
         1.7453292520E-01          5.4105263158E+05          1.3917000000E+00          1.9880000000E-02         -6.9500000000E-02
         1.7453292520E-01          6.4526315789E+05          1.4035000000E+00          1.9060000000E-02         -7.1400000000E-02
         1.7453292520E-01          7.4947368421E+05          1.4134000000E+00          1.8400000000E-02         -7.2900000000E-02
         1.7453292520E-01          8.5368421053E+05          1.4206000000E+00          1.7930000000E-02         -7.4100000000E-02
         1.7453292520E-01          9.5789473684E+05          1.4287000000E+00          1.7430000000E-02         -7.5400000000E-02
         1.7453292520E-01          1.0621052632E+06          1.4345000000E+00          1.7070000000E-02         -7.6400000000E-02
         1.7453292520E-01          1.1663157895E+06          1.4404000000E+00          1.6720000000E-02         -7.7400000000E-02
         1.7453292520E-01          1.2705263158E+06          1.4459000000E+00          1.6400000000E-02         -7.8300000000E-02
         1.7453292520E-01          1.3747368421E+06          1.4504000000E+00          1.6150000000E-02         -7.9100000000E-02
         1.7453292520E-01          1.4789473684E+06          1.4542000000E+00          1.5930000000E-02         -7.9800000000E-02
         1.7453292520E-01          1.5831578947E+06          1.4589000000E+00          1.5680000000E-02         -8.0600000000E-02
         1.7453292520E-01          1.6873684211E+06          1.4629000000E+00          1.5470000000E-02         -8.1300000000E-02
         1.7453292520E-01          1.7915789474E+06          1.4662000000E+00          1.5290000000E-02         -8.1900000000E-02
         1.7453292520E-01          1.8957894737E+06          1.4693000000E+00          1.5140000000E-02         -8.2400000000E-02
         1.7453292520E-01          2.0000000000E+06          1.4720000000E+00          1.5000000000E-02         -8.2900000000E-02
         1.9198621772E-01          2.0000000000E+04          6.5670000000E-01          1.4019000000E-01         -8.6700000000E-02
         1.9198621772E-01          1.2421052632E+05          1.3176000000E+00          3.5450000000E-02         -4.6100000000E-02
         1.9198621772E-01          2.2842105263E+05          1.3560000000E+00          3.0500000000E-02         -5.1600000000E-02
         1.9198621772E-01          3.3263157895E+05          1.3906000000E+00          2.7340000000E-02         -5.5700000000E-02
         1.9198621772E-01          4.3684210526E+05          1.4170000000E+00          2.5160000000E-02         -5.8900000000E-02
         1.9198621772E-01          5.4105263158E+05          1.4372000000E+00          2.3600000000E-02         -6.1400000000E-02
         1.9198621772E-01          6.4526315789E+05          1.4523000000E+00          2.2470000000E-02         -6.3400000000E-02
         1.9198621772E-01          7.4947368421E+05          1.4652000000E+00          2.1550000000E-02         -6.5200000000E-02
         1.9198621772E-01          8.5368421053E+05          1.4762000000E+00          2.0790000000E-02         -6.6700000000E-02
         1.9198621772E-01          9.5789473684E+05          1.4858000000E+00          2.0140000000E-02         -6.8100000000E-02
         1.9198621772E-01          1.0621052632E+06          1.4923000000E+00          1.9710000000E-02         -6.9000000000E-02
         1.9198621772E-01          1.1663157895E+06          1.5010000000E+00          1.9160000000E-02         -7.0300000000E-02
         1.9198621772E-01          1.2705263158E+06          1.5077000000E+00          1.8740000000E-02         -7.1300000000E-02
         1.9198621772E-01          1.3747368421E+06          1.5130000000E+00          1.8410000000E-02         -7.2100000000E-02
         1.9198621772E-01          1.4789473684E+06          1.5176000000E+00          1.8130000000E-02         -7.2800000000E-02
         1.9198621772E-01          1.5831578947E+06          1.5234000000E+00          1.7790000000E-02         -7.3700000000E-02
         1.9198621772E-01          1.6873684211E+06          1.5283000000E+00          1.7510000000E-02         -7.4500000000E-02
         1.9198621772E-01          1.7915789474E+06          1.5325000000E+00          1.7270000000E-02         -7.5200000000E-02
         1.9198621772E-01          1.8957894737E+06          1.5361000000E+00          1.7060000000E-02         -7.5700000000E-02
         1.9198621772E-01          2.0000000000E+06          1.5394000000E+00          1.6880000000E-02         -7.6300000000E-02
         2.0943951024E-01          2.0000000000E+04          7.1480000000E-01          1.5739000000E-01         -9.4400000000E-02
         2.0943951024E-01          1.2421052632E+05          1.3360000000E+00          4.3340000000E-02         -3.8600000000E-02
         2.0943951024E-01          2.2842105263E+05          1.3668000000E+00          3.8340000000E-02         -4.4300000000E-02
         2.0943951024E-01          3.3263157895E+05          1.4073000000E+00          3.4280000000E-02         -4.8200000000E-02
         2.0943951024E-01          4.3684210526E+05          1.4442000000E+00          3.0940000000E-02         -5.1400000000E-02
         2.0943951024E-01          5.4105263158E+05          1.4696000000E+00          2.8740000000E-02         -5.3900000000E-02
         2.0943951024E-01          6.4526315789E+05          1.4917000000E+00          2.6940000000E-02         -5.6100000000E-02
         2.0943951024E-01          7.4947368421E+05          1.5092000000E+00          2.5560000000E-02         -5.8000000000E-02
         2.0943951024E-01          8.5368421053E+05          1.5227000000E+00          2.4530000000E-02         -5.9600000000E-02
         2.0943951024E-01          9.5789473684E+05          1.5338000000E+00          2.3700000000E-02         -6.0900000000E-02
         2.0943951024E-01          1.0621052632E+06          1.5453000000E+00          2.2880000000E-02         -6.2200000000E-02
         2.0943951024E-01          1.1663157895E+06          1.5538000000E+00          2.2290000000E-02         -6.3300000000E-02
         2.0943951024E-01          1.2705263158E+06          1.5600000000E+00          2.1850000000E-02         -6.4100000000E-02
         2.0943951024E-01          1.3747368421E+06          1.5687000000E+00          2.1270000000E-02         -6.5200000000E-02
         2.0943951024E-01          1.4789473684E+06          1.5757000000E+00          2.0800000000E-02         -6.6200000000E-02
         2.0943951024E-01          1.5831578947E+06          1.5815000000E+00          2.0430000000E-02         -6.6900000000E-02
         2.0943951024E-01          1.6873684211E+06          1.5862000000E+00          2.0120000000E-02         -6.7600000000E-02
         2.0943951024E-01          1.7915789474E+06          1.5902000000E+00          1.9870000000E-02         -6.8100000000E-02
         2.0943951024E-01          1.8957894737E+06          1.5958000000E+00          1.9530000000E-02         -6.8900000000E-02
         2.0943951024E-01          2.0000000000E+06          1.6006000000E+00          1.9230000000E-02         -6.9600000000E-02
         2.2689280276E-01          2.0000000000E+04          7.6230000000E-01          1.7363000000E-01         -9.9300000000E-02
         2.2689280276E-01          1.2421052632E+05          1.3832000000E+00          5.0410000000E-02         -3.3400000000E-02
         2.2689280276E-01          2.2842105263E+05          1.3794000000E+00          4.6930000000E-02         -3.9400000000E-02
         2.2689280276E-01          3.3263157895E+05          1.4200000000E+00          4.2660000000E-02         -4.3100000000E-02
         2.2689280276E-01          4.3684210526E+05          1.4612000000E+00          3.8530000000E-02         -4.5800000000E-02
         2.2689280276E-01          5.4105263158E+05          1.4935000000E+00          3.5400000000E-02         -4.8000000000E-02
         2.2689280276E-01          6.4526315789E+05          1.5156000000E+00          3.3320000000E-02         -4.9600000000E-02
         2.2689280276E-01          7.4947368421E+05          1.5421000000E+00          3.0990000000E-02         -5.1600000000E-02
         2.2689280276E-01          8.5368421053E+05          1.5564000000E+00          2.9750000000E-02         -5.2900000000E-02
         2.2689280276E-01          9.5789473684E+05          1.5734000000E+00          2.8330000000E-02         -5.4400000000E-02
         2.2689280276E-01          1.0621052632E+06          1.5872000000E+00          2.7220000000E-02         -5.5700000000E-02
         2.2689280276E-01          1.1663157895E+06          1.5959000000E+00          2.6530000000E-02         -5.6600000000E-02
         2.2689280276E-01          1.2705263158E+06          1.6058000000E+00          2.5770000000E-02         -5.7600000000E-02
         2.2689280276E-01          1.3747368421E+06          1.6160000000E+00          2.5010000000E-02         -5.8700000000E-02
         2.2689280276E-01          1.4789473684E+06          1.6240000000E+00          2.4410000000E-02         -5.9500000000E-02
         2.2689280276E-01          1.5831578947E+06          1.6306000000E+00          2.3930000000E-02         -6.0300000000E-02
         2.2689280276E-01          1.6873684211E+06          1.6359000000E+00          2.3550000000E-02         -6.0900000000E-02
         2.2689280276E-01          1.7915789474E+06          1.6411000000E+00          2.3180000000E-02         -6.1500000000E-02
         2.2689280276E-01          1.8957894737E+06          1.6477000000E+00          2.2720000000E-02         -6.2300000000E-02
         2.2689280276E-01          2.0000000000E+06          1.6536000000E+00          2.2320000000E-02         -6.3000000000E-02
         2.4434609528E-01          2.0000000000E+04          8.1240000000E-01          1.9207000000E-01         -1.0420000000E-01
         2.4434609528E-01          1.2421052632E+05          1.4244000000E+00          5.8860000000E-02         -2.8900000000E-02
         2.4434609528E-01          2.2842105263E+05          1.3955000000E+00          5.5760000000E-02         -3.5600000000E-02
         2.4434609528E-01          3.3263157895E+05          1.4248000000E+00          5.2730000000E-02         -3.9800000000E-02
         2.4434609528E-01          4.3684210526E+05          1.4660000000E+00          4.8380000000E-02         -4.2200000000E-02
         2.4434609528E-01          5.4105263158E+05          1.5005000000E+00          4.4680000000E-02         -4.3800000000E-02
         2.4434609528E-01          6.4526315789E+05          1.5350000000E+00          4.1080000000E-02         -4.5300000000E-02
         2.4434609528E-01          7.4947368421E+05          1.5612000000E+00          3.8430000000E-02         -4.6600000000E-02
         2.4434609528E-01          8.5368421053E+05          1.5833000000E+00          3.6300000000E-02         -4.7800000000E-02
         2.4434609528E-01          9.5789473684E+05          1.5989000000E+00          3.4820000000E-02         -4.8800000000E-02
         2.4434609528E-01          1.0621052632E+06          1.6171000000E+00          3.3140000000E-02         -5.0000000000E-02
         2.4434609528E-01          1.1663157895E+06          1.6303000000E+00          3.1960000000E-02         -5.0900000000E-02
         2.4434609528E-01          1.2705263158E+06          1.6372000000E+00          3.1350000000E-02         -5.1500000000E-02
         2.4434609528E-01          1.3747368421E+06          1.6507000000E+00          3.0190000000E-02         -5.2500000000E-02
         2.4434609528E-01          1.4789473684E+06          1.6617000000E+00          2.9280000000E-02         -5.3500000000E-02
         2.4434609528E-01          1.5831578947E+06          1.6707000000E+00          2.8550000000E-02         -5.4200000000E-02
         2.4434609528E-01          1.6873684211E+06          1.6778000000E+00          2.7960000000E-02         -5.4900000000E-02
         2.4434609528E-01          1.7915789474E+06          1.6833000000E+00          2.7530000000E-02         -5.5400000000E-02
         2.4434609528E-01          1.8957894737E+06          1.6888000000E+00          2.7090000000E-02         -5.5900000000E-02
         2.4434609528E-01          2.0000000000E+06          1.6961000000E+00          2.6520000000E-02         -5.6600000000E-02
         2.6179938780E-01          2.0000000000E+04          8.4410000000E-01          2.0564000000E-01         -1.0750000000E-01
         2.6179938780E-01          1.2421052632E+05          1.4394000000E+00          6.9960000000E-02         -2.5000000000E-02
         2.6179938780E-01          2.2842105263E+05          1.4150000000E+00          6.4750000000E-02         -3.2600000000E-02
         2.6179938780E-01          3.3263157895E+05          1.4297000000E+00          6.3420000000E-02         -3.7900000000E-02
         2.6179938780E-01          4.3684210526E+05          1.4607000000E+00          6.0390000000E-02         -4.0700000000E-02
         2.6179938780E-01          5.4105263158E+05          1.5026000000E+00          5.5740000000E-02         -4.2100000000E-02
         2.6179938780E-01          6.4526315789E+05          1.5389000000E+00          5.1540000000E-02         -4.2900000000E-02
         2.6179938780E-01          7.4947368421E+05          1.5610000000E+00          4.9010000000E-02         -4.3500000000E-02
         2.6179938780E-01          8.5368421053E+05          1.5935000000E+00          4.5410000000E-02         -4.4300000000E-02
         2.6179938780E-01          9.5789473684E+05          1.6145000000E+00          4.3140000000E-02         -4.5000000000E-02
         2.6179938780E-01          1.0621052632E+06          1.6304000000E+00          4.1460000000E-02         -4.5600000000E-02
         2.6179938780E-01          1.1663157895E+06          1.6502000000E+00          3.9440000000E-02         -4.6400000000E-02
         2.6179938780E-01          1.2705263158E+06          1.6652000000E+00          3.7950000000E-02         -4.7200000000E-02
         2.6179938780E-01          1.3747368421E+06          1.6745000000E+00          3.7040000000E-02         -4.7700000000E-02
         2.6179938780E-01          1.4789473684E+06          1.6846000000E+00          3.6090000000E-02         -4.8300000000E-02
         2.6179938780E-01          1.5831578947E+06          1.6970000000E+00          3.4930000000E-02         -4.9000000000E-02
         2.6179938780E-01          1.6873684211E+06          1.7074000000E+00          3.3980000000E-02         -4.9600000000E-02
         2.6179938780E-01          1.7915789474E+06          1.7161000000E+00          3.3190000000E-02         -5.0200000000E-02
         2.6179938780E-01          1.8957894737E+06          1.7235000000E+00          3.2530000000E-02         -5.0700000000E-02
         2.6179938780E-01          2.0000000000E+06          1.7298000000E+00          3.1980000000E-02         -5.1100000000E-02
         2.7925268032E-01          2.0000000000E+04          8.7970000000E-01          2.2005000000E-01         -1.1180000000E-01
         2.7925268032E-01          1.2421052632E+05          1.3812000000E+00          8.7970000000E-02         -2.4600000000E-02
         2.7925268032E-01          2.2842105263E+05          1.4304000000E+00          7.4770000000E-02         -3.0500000000E-02
         2.7925268032E-01          3.3263157895E+05          1.4365000000E+00          7.4800000000E-02         -3.7700000000E-02
         2.7925268032E-01          4.3684210526E+05          1.4625000000E+00          7.2660000000E-02         -4.1100000000E-02
         2.7925268032E-01          5.4105263158E+05          1.4949000000E+00          6.9000000000E-02         -4.2300000000E-02
         2.7925268032E-01          6.4526315789E+05          1.5222000000E+00          6.5650000000E-02         -4.2700000000E-02
         2.7925268032E-01          7.4947368421E+05          1.5631000000E+00          6.0600000000E-02         -4.2900000000E-02
         2.7925268032E-01          8.5368421053E+05          1.5819000000E+00          5.8280000000E-02         -4.3100000000E-02
         2.7925268032E-01          9.5789473684E+05          1.6159000000E+00          5.4160000000E-02         -4.3300000000E-02
         2.7925268032E-01          1.0621052632E+06          1.6398000000E+00          5.1330000000E-02         -4.3600000000E-02
         2.7925268032E-01          1.1663157895E+06          1.6490000000E+00          5.0260000000E-02         -4.3800000000E-02
         2.7925268032E-01          1.2705263158E+06          1.6710000000E+00          4.7740000000E-02         -4.4200000000E-02
         2.7925268032E-01          1.3747368421E+06          1.6885000000E+00          4.5820000000E-02         -4.4600000000E-02
         2.7925268032E-01          1.4789473684E+06          1.7027000000E+00          4.4290000000E-02         -4.5000000000E-02
         2.7925268032E-01          1.5831578947E+06          1.7133000000E+00          4.3160000000E-02         -4.5400000000E-02
         2.7925268032E-01          1.6873684211E+06          1.7195000000E+00          4.2500000000E-02         -4.5600000000E-02
         2.7925268032E-01          1.7915789474E+06          1.7298000000E+00          4.1420000000E-02         -4.6000000000E-02
         2.7925268032E-01          1.8957894737E+06          1.7410000000E+00          4.0280000000E-02         -4.6400000000E-02
         2.7925268032E-01          2.0000000000E+06          1.7505000000E+00          3.9320000000E-02         -4.6800000000E-02
         2.9670597284E-01          2.0000000000E+04          9.1500000000E-01          2.3454000000E-01         -1.1660000000E-01
         2.9670597284E-01          1.2421052632E+05          1.2770000000E+00          1.1657000000E-01         -3.5700000000E-02
         2.9670597284E-01          2.2842105263E+05          1.4472000000E+00          8.4900000000E-02         -2.9100000000E-02
         2.9670597284E-01          3.3263157895E+05          1.4385000000E+00          8.6920000000E-02         -3.8000000000E-02
         2.9670597284E-01          4.3684210526E+05          1.4547000000E+00          8.6330000000E-02         -4.2200000000E-02
         2.9670597284E-01          5.4105263158E+05          1.4803000000E+00          8.3860000000E-02         -4.4100000000E-02
         2.9670597284E-01          6.4526315789E+05          1.5134000000E+00          7.9830000000E-02         -4.4400000000E-02
         2.9670597284E-01          7.4947368421E+05          1.5366000000E+00          7.6810000000E-02         -4.4500000000E-02
         2.9670597284E-01          8.5368421053E+05          1.5762000000E+00          7.1600000000E-02         -4.4000000000E-02
         2.9670597284E-01          9.5789473684E+05          1.6038000000E+00          6.7960000000E-02         -4.3800000000E-02
         2.9670597284E-01          1.0621052632E+06          1.6221000000E+00          6.5560000000E-02         -4.3600000000E-02
         2.9670597284E-01          1.1663157895E+06          1.6492000000E+00          6.2080000000E-02         -4.3400000000E-02
         2.9670597284E-01          1.2705263158E+06          1.6709000000E+00          5.9360000000E-02         -4.3400000000E-02
         2.9670597284E-01          1.3747368421E+06          1.6846000000E+00          5.7680000000E-02         -4.3500000000E-02
         2.9670597284E-01          1.4789473684E+06          1.6946000000E+00          5.6470000000E-02         -4.3500000000E-02
         2.9670597284E-01          1.5831578947E+06          1.7127000000E+00          5.4290000000E-02         -4.3600000000E-02
         2.9670597284E-01          1.6873684211E+06          1.7275000000E+00          5.2530000000E-02         -4.3800000000E-02
         2.9670597284E-01          1.7915789474E+06          1.7403000000E+00          5.1040000000E-02         -4.4000000000E-02
         2.9670597284E-01          1.8957894737E+06          1.7510000000E+00          4.9810000000E-02         -4.4100000000E-02
         2.9670597284E-01          2.0000000000E+06          1.7595000000E+00          4.8850000000E-02         -4.4300000000E-02
         3.1415926536E-01          2.0000000000E+04          9.4800000000E-01          2.4791000000E-01         -1.2210000000E-01
         3.1415926536E-01          2.2842105263E+05          1.3991000000E+00          1.0544000000E-01         -3.5500000000E-02
         3.1415926536E-01          3.3263157895E+05          1.4372000000E+00          1.0023000000E-01         -4.0400000000E-02
         3.1415926536E-01          4.3684210526E+05          1.4478000000E+00          1.0077000000E-01         -4.5200000000E-02
         3.1415926536E-01          5.4105263158E+05          1.4655000000E+00          9.9470000000E-02         -4.7300000000E-02
         3.1415926536E-01          6.4526315789E+05          1.4894000000E+00          9.6680000000E-02         -4.8000000000E-02
         3.1415926536E-01          7.4947368421E+05          1.5197000000E+00          9.2710000000E-02         -4.7600000000E-02
         3.1415926536E-01          8.5368421053E+05          1.5506000000E+00          8.8410000000E-02         -4.7000000000E-02
         3.1415926536E-01          9.5789473684E+05          1.5721000000E+00          8.5380000000E-02         -4.6500000000E-02
         3.1415926536E-01          1.0621052632E+06          1.6044000000E+00          8.0840000000E-02         -4.5700000000E-02
         3.1415926536E-01          1.1663157895E+06          1.6300000000E+00          7.7300000000E-02         -4.5100000000E-02
         3.1415926536E-01          1.2705263158E+06          1.6375000000E+00          7.6300000000E-02         -4.5100000000E-02
         3.1415926536E-01          1.3747368421E+06          1.6655000000E+00          7.2510000000E-02         -4.4500000000E-02
         3.1415926536E-01          1.4789473684E+06          1.6871000000E+00          6.9610000000E-02         -4.4200000000E-02
         3.1415926536E-01          1.5831578947E+06          1.7053000000E+00          6.7210000000E-02         -4.3900000000E-02
         3.1415926536E-01          1.6873684211E+06          1.7190000000E+00          6.5450000000E-02         -4.3800000000E-02
         3.1415926536E-01          1.7915789474E+06          1.7276000000E+00          6.4340000000E-02         -4.3800000000E-02
         3.1415926536E-01          1.8957894737E+06          1.7358000000E+00          6.3310000000E-02         -4.3800000000E-02
         3.1415926536E-01          2.0000000000E+06          1.7505000000E+00          6.1460000000E-02         -4.3700000000E-02
         3.3161255788E-01          2.0000000000E+04          9.8760000000E-01          2.6414000000E-01         -1.2770000000E-01
         3.3161255788E-01          2.2842105263E+05          1.3312000000E+00          1.3259000000E-01         -4.8900000000E-02
         3.3161255788E-01          3.3263157895E+05          1.0762000000E+00          1.0796000000E-01         -2.2900000000E-02
         3.3161255788E-01          4.3684210526E+05          1.4391000000E+00          1.1540000000E-01         -4.9000000000E-02
         3.3161255788E-01          5.4105263158E+05          1.4517000000E+00          1.1554000000E-01         -5.2200000000E-02
         3.3161255788E-01          6.4526315789E+05          1.4678000000E+00          1.1395000000E-01         -5.2900000000E-02
         3.3161255788E-01          7.4947368421E+05          1.4935000000E+00          1.1059000000E-01         -5.2700000000E-02
         3.3161255788E-01          8.5368421053E+05          1.5114000000E+00          1.0799000000E-01         -5.2200000000E-02
         3.3161255788E-01          9.5789473684E+05          1.5435000000E+00          1.0325000000E-01         -5.1000000000E-02
         3.3161255788E-01          1.0621052632E+06          1.5719000000E+00          9.9000000000E-02         -4.9900000000E-02
         3.3161255788E-01          1.1663157895E+06          1.5829000000E+00          9.7430000000E-02         -4.9600000000E-02
         3.3161255788E-01          1.2705263158E+06          1.6152000000E+00          9.2670000000E-02         -4.8400000000E-02
         3.3161255788E-01          1.3747368421E+06          1.6411000000E+00          8.8880000000E-02         -4.7500000000E-02
         3.3161255788E-01          1.4789473684E+06          1.6617000000E+00          8.5930000000E-02         -4.6800000000E-02
         3.3161255788E-01          1.5831578947E+06          1.6736000000E+00          8.4250000000E-02         -4.6500000000E-02
         3.3161255788E-01          1.6873684211E+06          1.6836000000E+00          8.2850000000E-02         -4.6300000000E-02
         3.3161255788E-01          1.7915789474E+06          1.7035000000E+00          8.0060000000E-02         -4.5700000000E-02
         3.3161255788E-01          1.8957894737E+06          1.7199000000E+00          7.7820000000E-02         -4.5300000000E-02
         3.3161255788E-01          2.0000000000E+06          1.7345000000E+00          7.5850000000E-02         -4.5100000000E-02
         3.4906585040E-01          2.0000000000E+04          1.0207000000E+00          2.7741000000E-01         -1.3410000000E-01
         3.4906585040E-01          3.3263157895E+05          1.0188000000E+00          1.2595000000E-01         -3.2900000000E-02
         3.4906585040E-01          4.3684210526E+05          1.4199000000E+00          1.3334000000E-01         -5.6500000000E-02
         3.4906585040E-01          5.4105263158E+05          1.4369000000E+00          1.3181000000E-01         -5.8000000000E-02
         3.4906585040E-01          6.4526315789E+05          1.4488000000E+00          1.3143000000E-01         -5.9600000000E-02
         3.4906585040E-01          7.4947368421E+05          1.4622000000E+00          1.2965000000E-01         -5.9600000000E-02
         3.4906585040E-01          8.5368421053E+05          1.4836000000E+00          1.2675000000E-01         -5.9000000000E-02
         3.4906585040E-01          9.5789473684E+05          1.5093000000E+00          1.2279000000E-01         -5.7700000000E-02
         3.4906585040E-01          1.0621052632E+06          1.5200000000E+00          1.2115000000E-01         -5.7300000000E-02
         3.4906585040E-01          1.1663157895E+06          1.5518000000E+00          1.1611000000E-01         -5.5400000000E-02
         3.4906585040E-01          1.2705263158E+06          1.5795000000E+00          1.1170000000E-01         -5.3900000000E-02
         3.4906585040E-01          1.3747368421E+06          1.6017000000E+00          1.0823000000E-01         -5.2700000000E-02
         3.4906585040E-01          1.4789473684E+06          1.6099000000E+00          1.0699000000E-01         -5.2400000000E-02
         3.4906585040E-01          1.5831578947E+06          1.6300000000E+00          1.0390000000E-01         -5.1400000000E-02
         3.4906585040E-01          1.6873684211E+06          1.6522000000E+00          1.0054000000E-01         -5.0400000000E-02
         3.4906585040E-01          1.7915789474E+06          1.6711000000E+00          9.7730000000E-02         -4.9600000000E-02
         3.4906585040E-01          1.8957894737E+06          1.6884000000E+00          9.5190000000E-02         -4.8900000000E-02
         3.4906585040E-01          2.0000000000E+06          1.7022000000E+00          9.3210000000E-02         -4.8500000000E-02
